V 54
K 1
D 0 -1270000 3048000 1524000
Y 1
U 2667000 1524000 254000 0 2 3 REFDES=U?
U 2667000 1270000 254000 0 2 3 DEVICE=EC11E18244AU
U 2667000 1016000 254000 0 2 0 PKG_TYPE=EC11E18244AU
U 2667000 762000 254000 0 2 0 Description=Alps 18 Pulse Incremental Mechanical Rotary Encoder with a 6 mm Flat Shaft (Not Indexed), Through Hole 10mA 5V DC
U 2667000 508000 254000 0 2 0 Datasheet Link=https://tech.alpsalpine.com/cms.media/product_catalog_ec_01_ec11e_en_611f078659.pdf
U 2667000 254000 254000 0 2 0 Height=24.5
U 2667000 0 254000 0 2 0 Manufacturer_Name=ALPS Electric
U 2667000 -254000 254000 0 2 0 Manufacturer_Part_Number=EC11E18244AU
U 2667000 -508000 254000 0 2 0 Mouser Part Number=688-EC11E18244AU
U 2667000 -762000 254000 0 2 0 Mouser Price/Stock=https://www.mouser.co.uk/ProductDetail/Alps-Alpine/EC11E18244AU?qs=YMSFtX0bdJDrS4vspzwcPg%3D%3D
U 2667000 -1016000 254000 0 2 0 Arrow Part Number=
U 2667000 -1270000 254000 0 2 0 Arrow Price/Stock=
U 0 0 254000 0 1 0 FORWARD_PCB=1
l 5 508000 1016000 2540000 1016000 2540000 -762000 508000 -762000 508000 1016000
|GRPHSTL -1 -1 -1 1
P 1 1270000 -1270000 1270000 -762000 0 1 0
L 1270000 -685800 228600 1 2 0 1 0 A1
A 1219200 -914400 203200 1 9 3 #=A1
A 0 0 9 0 3 0 PINTYPE=BI
P 2 1778000 -1270000 1778000 -762000 0 1 0
L 1778000 -685800 228600 1 2 0 1 0 B1
A 1727200 -914400 203200 1 9 3 #=B1
A 0 0 9 0 3 0 PINTYPE=BI
P 3 1524000 -1270000 1524000 -762000 0 1 0
L 1524000 -685800 228600 1 2 0 1 0 C1
A 1473200 -914400 203200 1 9 3 #=C1
A 0 0 9 0 3 0 PINTYPE=BI
P 4 1270000 1524000 1270000 1016000 0 0 0
L 1270000 939800 228600 1 8 0 1 0 COM
A 1219200 1168400 203200 1 3 3 #=D1
A 0 0 9 0 3 0 PINTYPE=BI
P 5 1524000 1524000 1524000 1016000 0 0 0
L 1524000 939800 228600 1 8 0 1 0 NO
A 1473200 1168400 203200 1 3 3 #=E1
A 0 0 9 0 3 0 PINTYPE=BI
P 6 0 0 508000 0 0 2 0
L 584200 0 228600 0 2 0 1 0 MH_1
A 355600 50800 203200 0 9 3 #=MH1
A 0 0 9 0 3 0 PINTYPE=BI
P 7 3048000 0 2540000 0 0 3 0
L 2463800 0 228600 0 8 0 1 0 MH_2
A 2692400 50800 203200 0 3 3 #=MH2
A 0 0 9 0 3 0 PINTYPE=BI
E
